0 0 0
249 2739 19671
255 2805 20145
266 2926 21014
276 3036 21804
254 2794 20066
175 1925 13825
178 1958 14062
209 2299 16511
189 2079 14931
172 1892 13588
214 2383 17146
226 2486 17854
216 2376 17064
191 2101 15089
232 2552 18328
220 2420 17380
249 2739 19671
275 3025 21725
279 3069 22041
276 3036 21804
219 2409 17301
208 2288 16432
215 2365 16985
246 2706 19434
266 2926 21014
261 2871 20619
239 2629 18881
252 2772 19908
269 2959 21251
278 3058 21962
372 4092 29388
327 3597 25833
344 3784 27176
369 4059 29151
302 3322 23858
256 2816 20224
275 3025 21725
270 2970 21330
260 2860 20540
239 2629 18881
258 2838 20382
251 2761 19829
308 3388 24332
292 3212 23068
304 3344 24016
280 3080 22120
296 3256 23384
302 3322 23858
302 3322 23858
276 3036 21804
272 2992 21488
280 3080 22120
288 3168 22752
285 3135 22515
300 3300 23700
304 3344 24016
300 3300 23700
300 3300 23700
336 3696 26544
311 3421 24569
300 3300 23700
278 3058 21962
277 3047 21883
304 3344 24016
288 3168 22752
302 3322 23858
303 3333 23937
291 3201 22989
316 3476 24964
328 3608 25912
273 3003 21567
312 3432 24648
300 3300 23700
324 3564 25596
288 3168 22752
294 3234 23226
296 3256 23384
287 3157 22673
335 3685 26465
310 3410 24490
330 3630 26070
302 3322 23858
295 3245 23305
0 0 0
272 2992 21488
255 2805 20145
217 2387 17143
252 2772 19908
236 2596 18644
305 3355 24095
312 3432 24648
313 3443 24727
235 2585 18565
215 2365 16985
244 2684 19276
324 3564 25596
271 2981 21409
248 2728 19592
273 3003 21567
280 3080 22120
284 3124 22436
233 2563 18407
253 2783 19987
264 2904 20856
309 3399 24411
245 2695 19355
247 2717 19513
200 2200 15800
276 3036 21804
200 2200 15800
288 3168 22752
277 3047 21883
287 3157 22673
294 3234 23226
296 3256 23384
278 3058 21962
311 3421 24569
269 2959 21251
291 3201 22989
300 3300 23700
309 3399 24411
301 3311 23779
280 3080 22120
304 3344 24016
329 3619 25991
320 3520 25280
300 3300 23700
320 3520 25280
299 3289 23621
295 3245 23305
324 3564 25596
288 3168 22752
231 2541 18249
242 2662 19118
296 3256 23384
278 3058 21962
307 3377 24253
299 3289 23621
249 2739 19671
276 3036 21804
312 3432 24648
300 3300 23700
305 3355 24095
319 3509 25201
300 3300 23700
304 3344 24016
268 2948 21172
300 3300 23700
302 3322 23858
268 2948 21172
272 2992 21488
245 2695 19355
295 3245 23305
299 3289 23621
271 2981 21409
247 2717 19513
303 3333 23937
287 3157 22673
278 3058 21962
332 3652 26228
340 3740 26860
248 2728 19592
309 3399 24411
230 2530 18170
309 3399 24411
302 3322 23858
260 2860 20540
299 3289 23621
288 3168 22752
281 3091 22199
308 3388 24332
299 3289 23621
308 3388 24332
292 3212 23068
276 3036 21804
302 3322 23858
313 3443 24727
304 3344 24016
269 2959 21251
286 3146 22594
304 3344 24016
288 3168 22752
280 3080 22120
294 3234 23226
259 2849 20461
305 3355 24095
305 3355 24095
286 3146 22594
263 2893 20777
257 2827 20303
280 3080 22120
296 3256 23384
264 2904 20856
268 2948 21172
269 2959 21251
270 2970 21330
313 3443 24727
313 3443 24727
304 3344 24016
294 3234 23226
309 3399 24411
286 3146 22594
277 3047 21883
340 3740 26860
313 3443 24727
303 3333 23937
284 3124 22436
315 3465 24885
304 3344 24016
298 3278 23542
299 3289 23621
294 3234 23226
298 3278 23542
284 3124 22436
275 3025 21725
306 3366 24174
315 3465 24885
303 3333 23937
303 3333 23937
264 2904 20856
274 3014 21646
307 3377 24253
298 3278 23542
288 3168 22752
292 3212 23068
298 3278 23542
305 3355 24095
291 3201 22989
275 3025 21725
261 2871 20619
308 3388 24332
285 3135 22515
292 3212 23068
250 2750 19750
291 3201 22989
278 3058 21962
315 3465 24885
301 3311 23779
308 3388 24332
290 3190 22910
298 3278 23542
321 3531 25359
295 3245 23305
303 3333 23937
272 2992 21488
288 3168 22752
281 3091 22199
292 3212 23068
305 3355 24095
288 3168 22752
277 3047 21883
282 3102 22278
304 3344 24016
291 3201 22989
286 3146 22594
299 3289 23621
282 3102 22278
309 3399 24411
313 3443 24727
312 3432 24648
287 3157 22673
278 3058 21962
281 3091 22199
308 3388 24332
300 3300 23700
282 3102 22278
287 3157 22673
280 3080 22120
295 3245 23305
284 3124 22436
295 3245 23305
276 3036 21804
282 3102 22278
330 3630 26070
318 3498 25122
300 3300 23700
310 3410 24490
315 3465 24885
280 3080 22120
276 3036 21804
290 3190 22910
234 2574 18486
299 3289 23621
301 3311 23779
296 3256 23384
279 3069 22041
276 3036 21804
301 3311 23779
302 3322 23858
289 3179 22831
292 3212 23068
303 3333 23937
300 3300 23700
308 3388 24332
255 2805 20145
262 2882 20698
265 2915 20935
284 3124 22436
280 3080 22120
195 2145 15405
239 2629 18881
270 2970 21330
272 2992 21488
303 3333 23937
263 2893 20777
268 2948 21172
272 2992 21488
293 3223 23147
293 3223 23147
288 3168 22752
315 3465 24885
328 3608 25912
261 2871 20619
260 2860 20540
269 2959 21251
269 2959 21251
276 3036 21804
292 3212 23068
293 3223 23147
266 2926 21014
246 2706 19434
276 3036 21804
264 2904 20856
262 2882 20698
286 3146 22594
253 2783 19987
275 3025 21725
303 3333 23937
296 3256 23384
247 2717 19513
323 3553 25517
289 3179 22831
290 3190 22910
296 3256 23384
286 3146 22594
332 3652 26228
293 3223 23147
261 2871 20619
261 2871 20619
299 3289 23621
301 3311 23779
268 2948 21172
282 3102 22278
301 3311 23779
292 3212 23068
296 3256 23384
311 3421 24569
312 3432 24648
317 3487 25043
274 3014 21646
270 2970 21330
349 3839 27571
314 3454 24806
253 2783 19987
266 2926 21014
287 3157 22673
285 3135 22515
288 3168 22752
291 3201 22989
255 2805 20145
290 3190 22910
286 3146 22594
296 3256 23384
300 3300 23700
266 2926 21014
296 3256 23384
287 3157 22673
313 3443 24727
284 3124 22436
290 3190 22910
305 3355 24095
299 3289 23621
297 3267 23463
292 3212 23068
286 3146 22594
280 3080 22120
302 3322 23858
287 3157 22673
283 3113 22357
297 3267 23463
297 3267 23463
280 3080 22120
290 3190 22910
282 3102 22278
253 2783 19987
286 3146 22594
310 3410 24490
303 3333 23937
285 3135 22515
258 2838 20382
289 3179 22831
313 3443 24727
310 3410 24490
293 3223 23147
286 3146 22594
289 3179 22831
303 3333 23937
279 3069 22041
271 2981 21409
298 3278 23542
299 3289 23621
297 3267 23463
312 3432 24648
276 3036 21804
322 3542 25438
277 3047 21883
284 3124 22436
285 3135 22515
303 3333 23937
282 3102 22278
293 3223 23147
289 3179 22831
290 3190 22910
244 2684 19276
278 3058 21962
285 3135 22515
306 3366 24174
267 2937 21093
257 2827 20303
305 3355 24095
285 3135 22515
225 2475 17775
245 2695 19355
210 2310 16590
236 2596 18644
312 3432 24648
325 3575 25675
256 2816 20224
290 3190 22910
260 2860 20540
305 3355 24095
282 3102 22278
281 3091 22199
307 3377 24253
320 3520 25280
288 3168 22752
300 3300 23700
250 2750 19750
298 3278 23542
283 3113 22357
293 3223 23147
264 2904 20856
301 3311 23779
344 3784 27176
396 4356 31284
287 3157 22673
268 2948 21172
214 2354 16906
274 3014 21646
300 3300 23700
251 2761 19829
258 2838 20382
297 3267 23463
268 2948 21172
293 3223 23147
300 3300 23700
300 3300 23700
299 3289 23621
301 3311 23779
298 3278 23542
300 3300 23700
326 3586 25754
325 3575 25675
306 3366 24174
291 3201 22989
308 3388 24332
310 3410 24490
308 3388 24332
232 2552 18328
230 2530 18170
231 2541 18249
206 2266 16274
235 2585 18565
225 2475 17775
232 2552 18328
249 2739 19671
217 2387 17143
291 3201 22989
307 3377 24253
310 3410 24490
310 3410 24490
303 3333 23937
296 3256 23384
300 3300 23700
254 2794 20066
225 2475 17775
255 2805 20145
293 3223 23147
285 3135 22515
274 3014 21646
320 3520 25280
317 3487 25043
310 3410 24490
242 2662 19118
198 2178 15642
200 2200 15800
196 2156 15484
210 2310 16590
200 2200 15800
215 2365 16985
306 3366 24174
300 3300 23700
308 3388 24332
295 3245 23305
307 3377 24253
329 3619 25991
326 3586 25754
292 3212 23068
309 3399 24411
298 3278 23542
314 3454 24806
284 3124 22436
282 3102 22278
293 3223 23147
292 3212 23068
277 3047 21883
254 2794 20066
280 3080 22120
282 3102 22278
285 3135 22515
262 2882 20698
293 3223 23147
255 2805 20145
282 3102 22278
279 3069 22041
275 3025 21725
280 3080 22120
275 3025 21725
241 2651 19039
239 2629 18881
220 2420 17380
296 3256 23384
292 3212 23068
269 2959 21251
257 2827 20303
274 3014 21646
279 3069 22041
276 3036 21804
248 2728 19592
282 3102 22278
269 2959 21251
276 3036 21804
282 3102 22278
265 2915 20935
273 3003 21567
262 2882 20698
317 3487 25043
319 3509 25201
308 3388 24332
310 3410 24490
312 3432 24648
308 3388 24332
300 3300 23700
300 3300 23700
322 3542 25438
230 2530 18170
226 2486 17854
290 3190 22910
290 3190 22910
289 3179 22831
298 3278 23542
292 3212 23068
294 3234 23226
277 3047 21883
273 3003 21567
277 3047 21883
260 2860 20540
269 2959 21251
265 2915 20935
256 2816 20224
253 2783 19987
273 3003 21567
280 3080 22120
279 3069 22041
266 2926 21014
249 2739 19671
268 2948 21172
262 2882 20698
316 3476 24964
322 3542 25438
315 3465 24885
319 3509 25201
306 3366 24174
318 3498 25122
313 3443 24727
314 3454 24806
306 3366 24174
347 3817 27413
326 3586 25754
330 3630 26070
313 3443 24727
298 3278 23542
300 3300 23700
276 3036 21804
290 3190 22910
253 2783 19987
261 2871 20619
285 3135 22515
284 3124 22436
284 3124 22436
288 3168 22752
282 3102 22278
300 3300 23700
254 2794 20066
290 3190 22910
309 3399 24411
313 3443 24727
315 3465 24885
321 3531 25359
296 3256 23384
306 3366 24174
318 3498 25122
322 3542 25438
246 2706 19434
253 2783 19987
234 2574 18486
280 3080 22120
293 3223 23147
303 3333 23937
322 3542 25438
302 3322 23858
310 3410 24490
308 3388 24332
312 3432 24648
300 3300 23700
314 3454 24806
312 3432 24648
316 3476 24964
322 3542 25438
314 3454 24806
304 3344 24016
251 2761 19829
237 2607 18723
254 2794 20066
246 2706 19434
241 2651 19039
262 2882 20698
242 2662 19118
234 2574 18486
263 2893 20777
230 2530 18170
271 2981 21409
309 3399 24411
291 3201 22989
285 3135 22515
310 3410 24490
299 3289 23621
286 3146 22594
265 2915 20935
294 3234 23226
249 2739 19671
302 3322 23858
293 3223 23147
307 3377 24253
299 3289 23621
279 3069 22041
280 3080 22120
271 2981 21409
265 2915 20935
268 2948 21172
249 2739 19671
254 2794 20066
229 2519 18091
278 3058 21962
314 3454 24806
312 3432 24648
313 3443 24727
242 2662 19118
280 3080 22120
281 3091 22199
236 2596 18644
279 3069 22041
245 2695 19355
246 2706 19434
250 2750 19750
303 3333 23937
315 3465 24885
332 3652 26228
324 3564 25596
303 3333 23937
280 3080 22120
295 3245 23305
298 3278 23542
322 3542 25438
295 3245 23305
290 3190 22910
280 3080 22120
308 3388 24332
264 2904 20856
277 3047 21883
244 2684 19276
248 2728 19592
252 2772 19908
285 3135 22515
254 2794 20066
245 2695 19355
262 2882 20698
267 2937 21093
303 3333 23937
274 3014 21646
284 3124 22436
289 3179 22831
283 3113 22357
288 3168 22752
264 2904 20856
271 2981 21409
324 3564 25596
297 3267 23463
331 3641 26149
302 3322 23858
282 3102 22278
224 2464 17696
208 2288 16432
264 2904 20856
257 2827 20303
298 3278 23542
293 3223 23147
303 3333 23937
279 3069 22041
291 3201 22989
237 2607 18723
221 2431 17459
202 2222 15958
216 2376 17064
206 2266 16274
291 3201 22989
226 2486 17854
252 2772 19908
312 3432 24648
324 3564 25596
335 3685 26465
317 3487 25043
297 3267 23463
274 3014 21646
282 3102 22278
277 3047 21883
289 3179 22831
251 2761 19829
237 2607 18723
242 2662 19118
246 2706 19434
271 2981 21409
295 3245 23305
241 2651 19039
275 3025 21725
264 2904 20856
280 3080 22120
316 3476 24964
243 2673 19197
